   -0.2342    0.2448    1.8704
   -0.2355    0.1674    1.8661
   -0.2062    0.2709    1.8614
   -0.2148    0.1881    1.8563
   -0.2087    0.1942    1.8519
   -0.2279    0.1751    1.8475
   -0.1979    0.2047    1.8414
   -0.1951    0.2079    1.8343
   -0.1940    0.2087    1.8311
   -0.1993    0.2036    1.8260
   -0.1899    0.2127    1.8295
   -0.1924    0.2106    1.8231
   -0.1752    0.2991    1.8080
   -0.1927    0.2103    1.8037
   -0.1737    0.3023    1.7967
   -0.1922    0.2108    1.7924
   -0.2123    0.1907    1.7852
   -0.1939    0.2091    1.7814
   -0.1938    0.2091    1.7766
   -0.2028    0.2001    1.7712
   -0.1955    0.2074    1.7698
   -0.1968    0.2062    1.7694
   -0.2493    0.1505    1.7883
   -0.4119    0.3278    1.7709
   -0.4180    0.3287    1.7709
   -0.4253    0.3409    1.7687
   -0.4326    0.3466    1.7712
   -0.4378    0.3544    1.7711
   -0.4449    0.3645    1.7710
   -0.4523    0.3711    1.7694
   -0.4601    0.3790    1.7709
   -0.4669    0.3927    1.7689
   -0.4729    0.4020    1.7687
   -0.4801    0.4071    1.7695
   -0.4864    0.4146    1.7690
   -0.4917    0.4218    1.7692
   -0.5008    0.4294    1.7698
   -0.5066    0.4383    1.7678
   -0.5134    0.4473    1.7678
   -0.5195    0.4556    1.7684
   -0.5271    0.4627    1.7686
   -0.5339    0.4707    1.7661
   -0.5394    0.4743    1.7688
   -0.5469    0.4849    1.7666
   -0.5528    0.4929    1.7665
   -0.5595    0.5006    1.7675
   -0.5661    0.5087    1.7652
   -0.5716    0.5139    1.7662
   -0.5776    0.5212    1.7659
   -0.5833    0.5247    1.7652
   -0.5899    0.5332    1.7656
   -0.5969    0.5430    1.7649
   -0.6028    0.5481    1.7652
   -0.6090    0.5567    1.7646
   -0.6157    0.5622    1.7637
   -0.6205    0.5708    1.7660
   -0.6259    0.5748    1.7648
   -0.6322    0.5824    1.7635
   -0.6393    0.5944    1.7611
   -0.6018    0.5607    1.7615
   -0.6145    0.6164    1.7326
   -0.6257    0.6707    1.7012
    0.7415    1.6598   -0.6441
    0.8498    1.5782   -0.6558
    1.0028    1.5246   -0.6487
    1.0298    1.4328   -0.6781
    1.0587    1.5731   -0.6842
    1.0510    1.4540   -0.7001
    1.0629    1.4659   -0.7109
    1.0719    1.4749   -0.7214
    1.0833    1.4863   -0.7321
    1.0952    1.4981   -0.7434
    1.1042    1.5072   -0.7537
    1.1187    1.5215   -0.7579
    1.1254    1.5284   -0.7747
    1.1417    1.5388   -0.7461
    1.1450    1.5479   -0.7961
    1.1569    1.5597   -0.8053
    1.1671    1.5700   -0.8168
    1.1765    1.5795   -0.8266
    1.1785    1.5806   -0.8371
    1.1782    1.5776   -0.8467
    1.1830    1.5774   -0.8567
    1.1832    1.5716   -0.8677
    1.1951    1.5791   -0.8761
    1.1920    1.5636   -0.8886
    1.1992    1.5619   -0.8986
    1.2022    1.5529   -0.9091
    1.2078    1.5471   -0.9190
    1.2145    1.5414   -0.9284
    1.2213    1.5343   -0.9387
    1.2278    1.5265   -0.9492
    1.2363    1.5172   -0.9606
    1.2479    1.5058   -0.9714
    1.2599    1.4919   -0.9809
    1.2789    1.4732   -0.9912
    1.3003    1.4519   -1.0028
    1.3245    1.4276   -1.0120
    1.3493    1.4015   -1.0220
    1.3759    1.3761   -1.0335
    1.4011    1.3502   -1.0321
    1.4256    1.3251   -1.0342
    1.4518    1.3006   -1.0327
    1.4735    1.2788   -1.0324
    1.4909    1.2617   -1.0320
    1.5052    1.2419   -1.0302
    1.2374    1.5163   -1.0320
    1.2336    1.5290   -1.0353
    1.2202    1.5328   -1.0314
    1.2142    1.5401   -1.0317
    1.2082    1.5465   -1.0321
    1.2040    1.5552   -1.0326
    1.2003    1.5617   -1.0326
    1.1926    1.5640   -1.0322
    1.1881    1.5692   -1.0322
    1.1848    1.5732   -1.0317
    1.1814    1.5794   -1.0327
    1.1810    1.5804   -1.0326
    1.1767    1.5789   -1.0319
    1.1777    1.5807   -1.0314
    1.0856    1.4886   -1.0307
    1.0062    1.4092   -1.0303
    0.9508    1.3538   -1.0291
    0.9033    1.3063   -1.0278
    0.8598    1.2628   -1.0272
    0.8226    1.2256   -1.0259
    0.7899    1.1928   -1.0252
    0.7604    1.1634   -1.0235
    0.7348    1.1378   -1.0228
    0.7105    1.1135   -1.0214
    0.6893    1.0923   -1.0199
    0.6685    1.0715   -1.0188
    0.6534    1.0562   -1.0189
    0.6363    1.0392   -1.0175
    0.6198    1.0228   -1.0174
    0.6060    1.0088   -1.0160
    0.5880    0.9910   -1.0194
    0.5871    0.9901   -1.0132
    0.5717    0.9747   -1.0135
    0.5649    0.9679   -1.0131
    0.5627    0.9657   -1.0134
    0.5622    0.9652   -1.0130
    0.5600    0.9630   -1.0122
    0.5636    0.9666   -1.0143
    0.5618    0.9648   -1.0136
    0.5620    0.9650   -1.0126
    0.5600    0.9630   -1.0119
    0.5619    0.9649   -1.0130
    0.5623    0.9653   -1.0127
    0.5621    0.9651   -1.0132
    0.5613    0.9643   -1.0131
    0.5618    0.9648   -1.0133
    0.5620    0.9650   -1.0131
    0.5622    0.9652   -1.0142
    0.5614    0.9644   -1.0130
    0.5622    0.9651   -1.0131
    0.5617    0.9647   -1.0127
    0.5619    0.9649   -1.0135
    0.5626    0.9656   -1.0135
    0.5623    0.9653   -1.0130
    0.5644    0.9674   -1.0131
    0.5631    0.9661   -1.0135
    0.5633    0.9663   -1.0136
    0.2879    1.2517   -1.0109
    0.2855    1.2561   -1.0124
    0.2771    1.2576   -1.0143
    0.2756    1.2628   -1.0156
    0.2673    1.2650   -1.0148
    0.2576    1.2720   -1.0137
    0.2630    1.2721   -1.0166
    0.2551    1.2784   -1.0141
    0.2518    1.2830   -1.0136
    0.2434    1.2883   -1.0099
    0.2447    1.2921   -1.0142
    0.2399    1.2963   -1.0145
    0.2351    1.2996   -1.0137
    0.2328    1.3045   -1.0138
    0.2294    1.3077   -1.0121
    0.2236    1.3113   -1.0150
    0.2221    1.3154   -1.0176
    0.2147    1.3186   -1.0144
    0.2162    1.3204   -1.0110
    0.2089    1.3268   -1.0155
    0.2037    1.3342   -1.0130
    0.2020    1.3330   -1.0140
    0.1981    1.3374   -1.0141
    0.1928    1.3405   -1.0157
    0.1899    1.3430   -1.0156
    0.1887    1.3494   -1.0161
    0.1809    1.3519   -1.0154
    0.1780    1.3548   -1.0149
    0.1776    1.3601   -1.0161
    0.1715    1.3623   -1.0155
    0.1672    1.3654   -1.0153
    0.1635    1.3677   -1.0163
    0.1629    1.3716   -1.0140
    0.1585    1.3767   -1.0156
    0.1539    1.3785   -1.0162
    0.1504    1.3823   -1.0159
    0.1750    1.3575   -1.0156
    0.1342    1.3590   -0.9767
    0.0942    1.3609   -0.9354
   -0.8850    0.0423    1.3592
   -0.7908   -0.0500    1.3600
   -0.6183   -0.2153    1.3606
   -0.6208   -0.2178    1.3616
   -0.6225   -0.2195    1.3628
   -0.6225   -0.2195    1.3618
   -0.6211   -0.2181    1.3626
   -0.6241   -0.2211    1.3627
   -0.6227   -0.2197    1.3641
   -0.6218   -0.2188    1.3646
   -0.6224   -0.2194    1.3645
   -0.6232   -0.2202    1.3652
   -0.6240   -0.2210    1.3655
   -0.6213   -0.2183    1.3657
   -0.6238   -0.2208    1.3661
   -0.6223   -0.2193    1.3669
   -0.6237   -0.2207    1.3664
   -0.6244   -0.2214    1.3674
   -0.6223   -0.2202    1.3662
   -0.6221   -0.2228    1.3678
   -0.6244   -0.2289    1.3660
   -0.6155   -0.2269    1.3679
   -0.6112   -0.2299    1.3684
   -0.6093   -0.2379    1.3693
   -0.6038   -0.2423    1.3687
   -0.5960   -0.2454    1.3650
   -0.5922   -0.2538    1.3700
   -0.5851   -0.2591    1.3698
   -0.5803   -0.2678    1.3711
   -0.5732   -0.2744    1.3710
   -0.5649   -0.2838    1.3721
   -0.5543   -0.2949    1.3720
   -0.5404   -0.3078    1.3730
   -0.5225   -0.3259    1.3729
   -0.5004   -0.3485    1.3739
   -0.4755   -0.3722    1.3733
   -0.4519   -0.3973    1.3732
   -0.4249   -0.4233    1.3730
   -0.3992   -0.4502    1.3714
   -0.3729   -0.4758    1.3734
   -0.3480   -0.5009    1.3723
   -0.3253   -0.5227    1.3739
   -0.3071   -0.5413    1.3726
   -0.2934   -0.5547    1.3721
   -0.5641   -0.2820    1.3716
   -0.5736   -0.2744    1.3712
   -0.5803   -0.2665    1.3704
   -0.5875   -0.2600    1.3703
   -0.5930   -0.2541    1.3704
   -0.5978   -0.2474    1.3693
   -0.6040   -0.2426    1.3705
   -0.6094   -0.2376    1.3691
   -0.6140   -0.2328    1.3689
   -0.6175   -0.2289    1.3674
   -0.6209   -0.2262    1.3675
   -0.6226   -0.2234    1.3674
   -0.6247   -0.2226    1.3674
   -0.6255   -0.2225    1.3674
   -0.6259   -0.2230    1.3673
   -0.6262   -0.2232    1.3659
   -0.6253   -0.2223    1.3674
   -0.6258   -0.2228    1.3677
   -0.6259   -0.2231    1.3662
   -0.6256   -0.2226    1.3662
   -0.6260   -0.2230    1.3676
   -0.6263   -0.2233    1.3678
   -0.6254   -0.2224    1.3666
   -0.6253   -0.2223    1.3676
   -0.6267   -0.2237    1.3665
   -0.6255   -0.2225    1.3671
   -0.6270   -0.2240    1.3664
   -0.6260   -0.2230    1.3679
   -0.6258   -0.2229    1.3663
   -0.6261   -0.2231    1.3669
   -0.6266   -0.2236    1.3669
   -0.6267   -0.2237    1.3672
   -0.6252   -0.2222    1.3668
   -0.6260   -0.2230    1.3661
   -0.6206   -0.2176    1.3666
   -0.6129   -0.2099    1.3671
   -0.6066   -0.2036    1.3658
   -0.5988   -0.1958    1.3679
   -0.5925   -0.1895    1.3678
   -0.5856   -0.1826    1.3685
   -0.5780   -0.1750    1.3667
   -0.5726   -0.1696    1.3687
   -0.5664   -0.1634    1.3686
   -0.5620   -0.1590    1.3685
   -0.5584   -0.1554    1.3689
   -0.5549   -0.1519    1.3696
   -0.5461   -0.1431    1.3670
   -0.5480   -0.1450    1.3700
   -0.5452   -0.1422    1.3687
   -0.5425   -0.1396    1.3710
   -0.5399   -0.1369    1.3708
   -0.5374   -0.1344    1.3712
   -0.5364   -0.1334    1.3683
   -0.5352   -0.1322    1.3720
   -0.5355   -0.1325    1.3724
   -0.5363   -0.1333    1.3720
   -0.5366   -0.1336    1.3739
   -0.5393   -0.1363    1.3739
   -0.5416   -0.1386    1.3743
   -0.5416   -0.1386    1.3757
   -0.5466   -0.1436    1.3755
   -0.5507   -0.1477    1.3762
   -0.5558   -0.1528    1.3771
   -0.5606   -0.1576    1.3773
   -0.5633   -0.1603    1.3790
   -0.5709   -0.1679    1.3812
   -0.5744   -0.1714    1.3799
   -0.5777   -0.1747    1.3803
   -0.5853   -0.1823    1.3812
   -0.5910   -0.1880    1.3825
   -0.5967   -0.1937    1.3829
   -0.6018   -0.1988    1.3849
   -0.6074   -0.2044    1.3861
   -0.6141   -0.2111    1.3883
   -0.6188   -0.2158    1.3886
   -0.6280   -0.2250    1.3911
   -0.6321   -0.2291    1.3933
   -0.6374   -0.2344    1.3950
   -0.6432   -0.2402    1.3977
   -0.6511   -0.2481    1.4008
   -0.6493   -0.2493    1.3995
   -0.6496   -0.2496    1.4053
   -0.6495   -0.2496    1.4065
   -0.6495   -0.2496    1.4098
   -0.6495   -0.2496    1.4162
   -0.6495   -0.2496    1.4206
   -0.6495   -0.2496    1.4208
   -0.6495   -0.2496    1.4397
   -0.6495   -0.2496    1.4525
   -0.6495   -0.2496    1.4662
   -0.6495   -0.2496    1.4754
   -0.6495   -0.2496    1.4786
   -1.4666   -0.5809    2.4153
   -1.9865   -0.6024    2.3887
   -1.9383   -0.6073    2.3648
   -1.9044   -0.6413    2.3400
   -2.0370   -1.6319    2.3515
   -2.0237   -1.6242    2.2826
   -2.0237   -1.6242    2.2826
   -2.0217   -1.6223    2.2451
   -2.0211   -1.6217    2.2166
   -2.0215   -1.6215    2.2173
   -2.0226   -1.6219    2.1681
   -2.0220   -1.6220    2.1549
   -2.0219   -1.6219    2.1494