   -1.4313    0.0544   -1.0283    0.0496    2.3993   -0.1062
   -1.3992    0.0125   -0.9963    0.0047    2.4395    0.0095
   -1.4026    0.0132   -0.9997    0.0072    2.4088    0.0102
   -1.4017    0.0099   -0.9987    0.0078    2.3887    0.0077
   -1.4027    0.0100   -0.9997    0.0084    2.3655    0.0082
   -1.3936    0.0101   -0.9906    0.0085    2.3424    0.0090
   -1.3821    0.0098   -0.9791    0.0082    2.3049    0.0092
   -1.3409    0.0097   -0.9380    0.0085    2.2740    0.0094
   -1.2943    0.0097   -0.8913    0.0089    2.2456    0.0094
   -1.2371    0.0096   -0.8341    0.0092    2.2129    0.0096
   -1.1844    0.0096   -0.7814    0.0093    2.1790    0.0096
   -1.1336    0.0096   -0.7306    0.0097    2.1516    0.0095
   -1.0787    0.0097   -0.6757    0.0098    2.1185    0.0096
   -1.0331    0.0097   -0.6301    0.0098    2.0848    0.0096
   -0.9929    0.0096   -0.5899    0.0098    2.0538    0.0095
   -0.9435    0.0096   -0.5405    0.0098    2.0332    0.0095
   -0.9030    0.0096   -0.5000    0.0097    2.0205    0.0095
   -0.8732    0.0096   -0.4702    0.0098    2.0067    0.0095
   -0.8490    0.0093   -0.4460    0.0094    1.9933    0.0093
   -0.8253    0.0091   -0.4223    0.0092    1.9820    0.0093
   -0.7906    0.0092   -0.3876    0.0094    1.9751    0.0095
   -0.7855    0.0091   -0.3825    0.0092    1.9656    0.0093
   -0.7647    0.0094   -0.3617    0.0091    1.9572    0.0092
   -0.7454    0.0094   -0.3424    0.0091    1.9505    0.0093
   -0.7266    0.0093   -0.3236    0.0090    1.9458    0.0093
   -0.7040    0.0096   -0.3010    0.0092    1.9397    0.0092
   -0.6885    0.0093   -0.2855    0.0089    1.9342    0.0094
   -0.6836    0.0093   -0.2806    0.0090    1.9306    0.0094
   -0.6554    0.0094   -0.2524    0.0090    1.9272    0.0095
   -0.6546    0.0094   -0.2516    0.0091    1.9233    0.0097
   -0.6058    0.0096   -0.2028    0.0092    1.9180    0.0094
   -0.6041    0.0095   -0.2011    0.0091    1.9186    0.0094
   -0.5888    0.0096   -0.1858    0.0092    1.9138    0.0093
   -0.5737    0.0094   -0.1707    0.0090    1.9118    0.0090
   -0.5584    0.0094   -0.1554    0.0090    1.9095    0.0095
   -0.5390    0.0096   -0.1360    0.0092    1.9070    0.0091
   -0.5250    0.0092   -0.1220    0.0087    1.9058    0.0091
   -0.5044    0.0092   -0.1014    0.0092    1.9026    0.0091
   -0.4850    0.0092   -0.0820    0.0092    1.9012    0.0094
   -0.4642    0.0096   -0.0612    0.0092    1.8985    0.0093
   -0.4443    0.0096   -0.0413    0.0091    1.8974    0.0093
   -0.4247    0.0095   -0.0217    0.0089    1.8968    0.0092
   -0.4033    0.0097   -0.0003    0.0092    1.8934    0.0093
   -0.3838    0.0094    0.0192    0.0089    1.8910    0.0092
   -0.3624    0.0094    0.0406    0.0088    1.8888    0.0092
   -0.3436    0.0095    0.0594    0.0094    1.8855    0.0093
   -0.3248    0.0095    0.0782    0.0094    1.8828    0.0090
   -0.3088    0.0095    0.0942    0.0094    1.8791    0.0092
   -0.2942    0.0094    0.1088    0.0093    1.8756    0.0094
   -0.2774    0.0094    0.1256    0.0093    1.8716    0.0098
   -0.2634    0.0094    0.1396    0.0093    1.8669    0.0096
   -0.2518    0.0094    0.1512    0.0092    1.8625    0.0096
   -0.2407    0.0091    0.1623    0.0090    1.8574    0.0094
   -0.2332    0.0090    0.1698    0.0088    1.8525    0.0096
   -0.2283    0.0090    0.1747    0.0088    1.8469    0.0095
   -0.2242    0.0091    0.1788    0.0089    1.8417    0.0095
   -0.2207    0.0091    0.1823    0.0090    1.8371    0.0094
   -0.2194    0.0094    0.1836    0.0093    1.8324    0.0090
   -0.2195    0.0092    0.1835    0.0090    1.8268    0.0094
   -0.2202    0.0093    0.1828    0.0092    1.8212    0.0092
   -0.2184    0.0089    0.1846    0.0087    1.8193    0.0094
   -0.2179    0.0092    0.1851    0.0090    1.8107    0.0092
   -0.2179    0.0090    0.1851    0.0088    1.8046    0.0093
   -0.2183    0.0090    0.1847    0.0093    1.7997    0.0093
   -0.2187    0.0091    0.1843    0.0094    1.7936    0.0093
   -0.2204    0.0092    0.1826    0.0095    1.7879    0.0093
   -0.2198    0.0090    0.1832    0.0092    1.7820    0.0094
   -0.2198    0.0091    0.1832    0.0094    1.7772    0.0096
   -0.2205    0.0094    0.1825    0.0093    1.7711    0.0094
   -0.2199    0.0091    0.1831    0.0090    1.7710    0.0091
   -0.2194    0.0091    0.1836    0.0093    1.7705    0.0090
   -0.2199    0.0088    0.1831    0.0091    1.7703    0.0091
   -0.2288    0.0069    0.1742    0.0071    1.7708    0.0088
   -0.2268    0.0073    0.1762    0.0075    1.7711    0.0086
   -0.2244    0.0083    0.1786    0.0085    1.7721    0.0092
   -0.4326    0.0080    0.3466   -0.0004    1.7712    0.0000
   -0.4378    0.0097    0.3544    0.0115    1.7711    0.0000
   -0.4449    0.0070    0.3645    0.0053    1.7710   -0.0000
   -0.4523    0.0085    0.3711    0.0060    1.7694    0.0000
   -0.4601    0.0115    0.3790   -0.0001    1.7709    0.0000
   -0.4669    0.0095    0.3927    0.0091    1.7689    0.0000
   -0.4729    0.0094    0.4020    0.0113    1.7687    0.0000
   -0.4801    0.0094    0.4071   -0.0022    1.7695    0.0000
   -0.4864    0.0092    0.4146   -0.0002    1.7690    0.0002
   -0.4917    0.0011    0.4218    0.0104    1.7692   -0.0000
   -0.5008    0.0005    0.4294   -0.0003    1.7698    0.0000
   -0.5066    0.0090    0.4383    0.0092    1.7678    0.0000
   -0.5134   -0.0002    0.4473    0.0093    1.7678    0.0000
   -0.5195    0.0090    0.4556   -0.0004    1.7684    0.0000
   -0.5271    0.0094    0.4627    0.0091    1.7686    0.0002
   -0.5339    0.0078    0.4707   -0.0006    1.7661   -0.0000
   -0.5394    0.0092    0.4743    0.0038    1.7688    0.0000
   -0.5469    0.0014    0.4849    0.0006    1.7666    0.0000
   -0.5528    0.0090    0.4929    0.0090    1.7665   -0.0000
   -0.5595    0.0034    0.5006    0.0057    1.7675    0.0000
   -0.5661    0.0040    0.5087   -0.0007    1.7652    0.0000
   -0.5716    0.0009    0.5139    0.0067    1.7662    0.0000
   -0.5776    0.0001    0.5212    0.0098    1.7659    0.0001
   -0.5833    0.0092    0.5247    0.0070    1.7652   -0.0001
   -0.5899    0.0095    0.5332   -0.0001    1.7656    0.0001
   -0.5969    0.0107    0.5430   -0.0020    1.7649   -0.0000
   -0.6028    0.0079    0.5481    0.0089    1.7652   -0.0001
   -0.6090    0.0085    0.5567    0.0072    1.7646    0.0001
   -0.6157    0.0085    0.5622    0.0091    1.7637   -0.0001
   -0.6205    0.0094    0.5708    0.0094    1.7660    0.0002
   -0.6259    0.0086    0.5748    0.0079    1.7648    0.0001
   -0.6322    0.0059    0.5824    0.0033    1.7635   -0.0000
   -0.6393    0.0040    0.5944    0.0012    1.7611   -0.0001
   -0.6018    0.0087    0.5607    0.0077    1.7615    0.0000
   -0.6145   -0.0005    0.6164    0.0020    1.7326    0.0001
   -0.6257    0.0057    0.6707    0.0100    1.7012   -0.0002
   -0.6441    0.0037    0.7415    0.0173    1.6598    0.0083
   -0.6558    0.0417    0.8498    0.0357    1.5782    0.0326
   -0.6487   -0.0002    1.0028   -0.0186    1.5246    0.0227
   -0.6781   -0.0015    1.0298    0.0096    1.4328    0.0096
   -0.6842    0.0060    1.0587    0.0104    1.5731    0.0068
   -0.7001    0.0090    1.0510    0.0088    1.4540    0.0090
   -0.7109    0.0091    1.0629    0.0092    1.4659    0.0089
   -0.7214    0.0092    1.0719    0.0084    1.4749    0.0087
   -0.7321    0.0095    1.0833    0.0091    1.4863    0.0088
   -0.7434    0.0091    1.0952    0.0010    1.4981    0.0089
   -0.7537    0.0090    1.1042    0.0095    1.5072    0.0095
   -0.7579    0.0094    1.1187    0.0169    1.5215    0.0051
   -0.7747    0.0091    1.1254    0.0095    1.5284    0.0090
   -0.7461   -0.1298    1.1417    0.0441    1.5388   -0.0244
   -0.7961    0.0045    1.1450    0.0011    1.5479    0.0109
   -0.8053    0.0094    1.1569   -0.0007    1.5597    0.0093
   -0.8168    0.0085    1.1671    0.0040    1.5700    0.0089
   -0.8266    0.0092    1.1765    0.0088    1.5795    0.0102
   -0.8371    0.0092    1.1785   -0.0041    1.5806    0.0230
   -0.8467    0.0099    1.1782   -0.0174    1.5776    0.0366
   -0.8567    0.0088    1.1830   -0.0319    1.5774    0.0506
   -0.8677    0.0070    1.1832   -0.0444    1.5716    0.0630
   -0.8761    0.0044    1.1951   -0.0441    1.5791    0.0782
   -0.8886    0.0044    1.1920   -0.0685    1.5636    0.0875
   -0.8986    0.0029    1.1992   -0.0753    1.5619    0.1004
   -0.9091    0.0028    1.2022   -0.0895    1.5529    0.1091
   -0.9190    0.0031    1.2078   -0.0993    1.5471    0.1181
   -0.9284    0.0032    1.2145   -0.1072    1.5414    0.1286
   -0.9387    0.0029    1.2213   -0.1168    1.5343    0.1371
   -0.9492    0.0032    1.2278   -0.1256    1.5265    0.1449
   -0.9606    0.0027    1.2363   -0.1344    1.5172    0.1545
   -0.9714    0.0017    1.2479   -0.1459    1.5058    0.1638
   -0.9809    0.0018    1.2599   -0.1562    1.4919    0.1733
   -0.9912    0.0015    1.2789   -0.1666    1.4732    0.1864
   -1.0028    0.0019    1.3003   -0.1776    1.4519    0.1958
   -1.0120    0.0022    1.3245   -0.1854    1.4276    0.2042
   -1.0220    0.0018    1.3493   -0.1903    1.4015    0.2093
   -1.0335    0.0012    1.3759   -0.1916    1.3761    0.2114
   -1.0321    0.0008    1.4011   -0.1910    1.3502    0.2088
   -1.0342    0.0005    1.4256   -0.1858    1.3251    0.2045
   -1.0327    0.0011    1.4518   -0.1781    1.3006    0.1954
   -1.0324    0.0012    1.4735   -0.1681    1.2788    0.1848
   -1.0320   -0.0005    1.4909   -0.1566    1.2617    0.1749
   -1.0302    0.0012    1.5052   -0.1445    1.2419    0.1607
   -1.0320    0.0108    1.5163   -0.1373    1.2374    0.1536
   -1.0353    0.0103    1.5290   -0.1311    1.2336    0.1429
   -1.0314    0.0149    1.5328   -0.1185    1.2202    0.1359
   -1.0317    0.0119    1.5401   -0.1102    1.2142    0.1269
   -1.0321    0.0090    1.5465   -0.1010    1.2082    0.1179
   -1.0326    0.0252    1.5552   -0.0919    1.2040    0.1058
   -1.0326    0.0217    1.5617   -0.0828    1.2003    0.0953
   -1.0322   -0.0038    1.5640   -0.0689    1.1926    0.0874
   -1.0322    0.0029    1.5692   -0.0573    1.1881    0.0737
   -1.0317    0.0090    1.5732   -0.0456    1.1848    0.0620
   -1.0327    0.0409    1.5794   -0.0246    1.1814    0.0383
   -1.0326    0.0186    1.5804   -0.0197    1.1810    0.0340
   -1.0319    0.0143    1.5789   -0.0013    1.1767    0.0241
   -1.0314    0.0131    1.5807    0.0108    1.1777    0.0039
   -1.0307    0.0044    1.4886    0.0088    1.0856    0.0077
   -1.0303    0.0091    1.4092    0.0078    1.0062    0.0108
   -1.0291    0.0086    1.3538    0.0088    0.9508    0.0095
   -1.0278    0.0084    1.3063    0.0094    0.9033    0.0088
   -1.0272    0.0088    1.2628    0.0094    0.8598    0.0089
   -1.0259    0.0091    1.2256    0.0091    0.8226    0.0089
   -1.0252    0.0091    1.1928    0.0103    0.7899    0.0075
   -1.0235    0.0102    1.1634    0.0092    0.7604    0.0092
   -1.0228    0.0092    1.1378    0.0095    0.7348    0.0088
   -1.0214    0.0099    1.1135    0.0076    0.7105    0.0107
   -1.0199    0.0089    1.0923    0.0096    0.6893    0.0092
   -1.0188    0.0096    1.0715    0.0090    0.6685    0.0093
   -1.0189    0.0060    1.0562    0.0131    0.6534    0.0008
   -1.0175    0.0093    1.0392    0.0085    0.6363    0.0001
   -1.0174    0.0055    1.0228    0.0102    0.6198    0.0085
   -1.0160    0.0097    1.0088    0.0137    0.6060    0.0015
   -1.0194    0.0092    0.9910    0.0047    0.5880   -0.0001
   -1.0132    0.0089    0.9901    0.0089    0.5871    0.0088
   -1.0135    0.0083    0.9747    0.0102    0.5717    0.0074
   -1.0131    0.0089    0.9679    0.0084    0.5649    0.0103
   -1.0134    0.0129    0.9657    0.0032    0.5627    0.0000
   -1.0130    0.0044    0.9652    0.0085    0.5622    0.0089
   -1.0122    0.0088    0.9630    0.0055    0.5600    0.0033
   -1.0143    0.0058    0.9666   -0.0053    0.5636   -0.0017
   -1.0136    0.0093    0.9648    0.0091    0.5618    0.0091
   -1.0126    0.0031    0.9650    0.0060    0.5620    0.0046
   -1.0119    0.0049    0.9630    0.0069    0.5600    0.0062
   -1.0130    0.0090    0.9649    0.0093    0.5619    0.0091
   -1.0127    0.0103    0.9653    0.0105    0.5623    0.0093
   -1.0132    0.0094    0.9651    0.0093    0.5621    0.0092
   -1.0131    0.0090    0.9643    0.0091    0.5613    0.0089
   -1.0133    0.0089    0.9648    0.0093    0.5618    0.0091
   -1.0131    0.0094    0.9650    0.0095    0.5620    0.0096
   -1.0142    0.0081    0.9652    0.0064    0.5622    0.0043
   -1.0130    0.0107    0.9644    0.0116    0.5614    0.0103
   -1.0131    0.0090    0.9651    0.0042    0.5622    0.0141
   -1.0127    0.0072    0.9647    0.0087    0.5617    0.0078
   -1.0135    0.0093    0.9649    0.0096    0.5619    0.0081
   -1.0135    0.0003    0.9656    0.0094    0.5626    0.0087
   -1.0130    0.0097    0.9653    0.0102    0.5623    0.0100
   -1.0131    0.0093    0.9674    0.0074    0.5644    0.0120
   -1.0135    0.0046    0.9661    0.0082    0.5631    0.0041
   -1.0136    0.0089    0.9663    0.0084    0.5633    0.0093
   -1.0109   -0.0057    1.2517   -0.0032    0.2879    0.0090
   -1.0124    0.0014    1.2561   -0.0016    0.2855    0.0094
   -1.0143    0.0051    1.2576   -0.0022    0.2771    0.0086
   -1.0156    0.0064    1.2628    0.0097    0.2756   -0.0035
   -1.0148    0.0096    1.2650    0.0095    0.2673    0.0084
   -1.0137    0.0116    1.2720    0.0019    0.2576    0.0065
   -1.0166    0.0092    1.2721    0.0131    0.2630   -0.0016
   -1.0141    0.0045    1.2784    0.0085    0.2551   -0.0013
   -1.0136   -0.0025    1.2830   -0.0022    0.2518    0.0003
   -1.0099    0.0078    1.2883    0.0073    0.2434   -0.0025
   -1.0142    0.0034    1.2921   -0.0014    0.2447    0.0114
   -1.0145    0.0078    1.2963   -0.0003    0.2399    0.0078
   -1.0137    0.0042    1.2996    0.0019    0.2351    0.0104
   -1.0138    0.0102    1.3045    0.0012    0.2328    0.0000
   -1.0121   -0.0016    1.3077    0.0062    0.2294   -0.0005
   -1.0150    0.0015    1.3113    0.0153    0.2236    0.0032
   -1.0176    0.0091    1.3154    0.0109    0.2221    0.0105
   -1.0144   -0.0003    1.3186    0.0104    0.2147    0.0111
   -1.0110    0.0128    1.3204   -0.0043    0.2162    0.0093
   -1.0155    0.0071    1.3268    0.0085    0.2089    0.0031
   -1.0130    0.0009    1.3342    0.0114    0.2037    0.0102
   -1.0140    0.0068    1.3330    0.0091    0.2020    0.0082
   -1.0141    0.0093    1.3374    0.0085    0.1981    0.0107
   -1.0157    0.0003    1.3405    0.0028    0.1928    0.0075
   -1.0156    0.0091    1.3430    0.0078    0.1899    0.0103
   -1.0161    0.0106    1.3494   -0.0011    0.1887    0.0092
   -1.0154    0.0079    1.3519    0.0099    0.1809    0.0095
   -1.0149    0.0090    1.3548    0.0090    0.1780    0.0099
   -1.0161    0.0131    1.3601    0.0116    0.1776    0.0032
   -1.0155    0.0089    1.3623    0.0031    0.1715   -0.0005
   -1.0153    0.0094    1.3654    0.0062    0.1672    0.0090
   -1.0163    0.0086    1.3677    0.0061    0.1635    0.0100
   -1.0140    0.0032    1.3716    0.0090    0.1629   -0.0007
   -1.0156   -0.0002    1.3767    0.0094    0.1585    0.0067
   -1.0162    0.0067    1.3785    0.0095    0.1539    0.0091
   -1.0159    0.0083    1.3823    0.0088    0.1504    0.0071
   -1.0156   -0.0012    1.3575    0.0092    0.1750    0.0093
   -0.9767    0.0032    1.3590    0.0083    0.1342    0.0089
   -0.9354    0.0085    1.3609    0.0088    0.0942    0.0085
   -0.8850    0.0010    1.3592   -0.0001    0.0423    0.0079
   -0.7908   -0.0013    1.3600    0.0105   -0.0500   -0.0007
   -0.6183    0.0096    1.3606    0.0053   -0.2153    0.0086
   -0.6208    0.0074    1.3616    0.0091   -0.2178    0.0101
   -0.6225    0.0053    1.3628    0.0089   -0.2195    0.0107
   -0.6225    0.0087    1.3618    0.0089   -0.2195    0.0105
   -0.6211    0.0075    1.3626    0.0092   -0.2181    0.0095
   -0.6241    0.0071    1.3627    0.0086   -0.2211    0.0110
   -0.6227    0.0078    1.3641    0.0029   -0.2197    0.0078
   -0.6218    0.0077    1.3646    0.0092   -0.2188    0.0081
   -0.6224    0.0092    1.3645    0.0091   -0.2194    0.0091
   -0.6232    0.0091    1.3652    0.0091   -0.2202    0.0091
   -0.6240    0.0082    1.3655    0.0083   -0.2210    0.0087
   -0.6213    0.0093    1.3657    0.0092   -0.2183    0.0089
   -0.6238    0.0093    1.3661    0.0092   -0.2208    0.0092
   -0.6223    0.0092    1.3669    0.0095   -0.2193    0.0095
   -0.6237    0.0099    1.3664    0.0093   -0.2207    0.0101
   -0.6244    0.0089    1.3674    0.0091   -0.2214    0.0085
   -0.6223    0.0220    1.3662    0.0091   -0.2202   -0.0046
   -0.6221    0.0361    1.3678   -0.0000   -0.2228   -0.0181
   -0.6244    0.0493    1.3660    0.0075   -0.2289   -0.0283
   -0.6155    0.0621    1.3679    0.0032   -0.2269   -0.0448
   -0.6112    0.0731    1.3684    0.0092   -0.2299   -0.0574
   -0.6093    0.0871    1.3693    0.0001   -0.2379   -0.0693
   -0.6038    0.0975    1.3687   -0.0000   -0.2423   -0.0806
   -0.5960    0.1080    1.3650    0.0028   -0.2454   -0.0907
   -0.5922    0.1178    1.3700   -0.0005   -0.2538   -0.1011
   -0.5851    0.1264    1.3698    0.0000   -0.2591   -0.1106
   -0.5803    0.1365    1.3711    0.0001   -0.2678   -0.1180
   -0.5732    0.1439    1.3710    0.0005   -0.2744   -0.1265
   -0.5649    0.1536    1.3721    0.0012   -0.2838   -0.1352
   -0.5543    0.1639    1.3720    0.0002   -0.2949   -0.1445
   -0.5404    0.1737    1.3730   -0.0001   -0.3078   -0.1554
   -0.5225    0.1854    1.3729   -0.0000   -0.3259   -0.1664
   -0.5004    0.1966    1.3739    0.0001   -0.3485   -0.1767
   -0.4755    0.2027    1.3733   -0.0003   -0.3722   -0.1868
   -0.4519    0.2083    1.3732   -0.0001   -0.3973   -0.1910
   -0.4249    0.2114    1.3730   -0.0003   -0.4233   -0.1916
   -0.3992    0.2088    1.3714    0.0001   -0.4502   -0.1910
   -0.3729    0.2041    1.3734   -0.0000   -0.4758   -0.1855
   -0.3480    0.1945    1.3723   -0.0000   -0.5009   -0.1783
   -0.3253    0.1854    1.3739    0.0001   -0.5227   -0.1660
   -0.3071    0.1720    1.3726    0.0000   -0.5413   -0.1560
   -0.2934    0.1631    1.3721   -0.0001   -0.5547   -0.1436
   -0.2820    0.1537    1.3716    0.0006   -0.5641   -0.1341
   -0.2744    0.1442    1.3712    0.0000   -0.5736   -0.1258
   -0.2665    0.1361    1.3704   -0.0000   -0.5803   -0.1169
   -0.2600    0.1270    1.3703   -0.0001   -0.5875   -0.1079
   -0.2541    0.1189    1.3704    0.0000   -0.5930   -0.0992
   -0.2474    0.1092    1.3693    0.0000   -0.5978   -0.0899
   -0.2426    0.0991    1.3705    0.0004   -0.6040   -0.0793
   -0.2376    0.0862    1.3691    0.0008   -0.6094   -0.0692
   -0.2328    0.0741    1.3689    0.0004   -0.6140   -0.0565
   -0.2289    0.0626    1.3674    0.0000   -0.6175   -0.0442
   -0.2262    0.0495    1.3675    0.0000   -0.6209   -0.0315
   -0.2234    0.0365    1.3674    0.0001   -0.6226   -0.0185
   -0.2226    0.0227    1.3674   -0.0000   -0.6247   -0.0047
   -0.2225    0.0088    1.3674   -0.0001   -0.6255    0.0089
   -0.2230    0.0082    1.3673    0.0005   -0.6259   -0.0003
   -0.2232    0.0096    1.3659   -0.0007   -0.6262    0.0095
   -0.2223    0.0102    1.3674   -0.0001   -0.6253    0.0083
   -0.2228    0.0091    1.3677   -0.0005   -0.6258    0.0092
   -0.2231    0.0128    1.3662   -0.0001   -0.6259    0.0019
   -0.2226    0.0085    1.3662    0.0086   -0.6256    0.0099
   -0.2230    0.0102    1.3676    0.0001   -0.6260    0.0081
   -0.2233    0.0095    1.3678   -0.0000   -0.6263    0.0092
   -0.2224    0.0092    1.3666   -0.0000   -0.6254    0.0064
   -0.2223    0.0088    1.3676   -0.0002   -0.6253    0.0091
   -0.2237    0.0096    1.3665    0.0008   -0.6267    0.0094
   -0.2225    0.0072    1.3671    0.0066   -0.6255    0.0116
   -0.2240    0.0078    1.3664    0.0000   -0.6270    0.0072
   -0.2230    0.0087    1.3679   -0.0007   -0.6260    0.0094
   -0.2229    0.0095    1.3663    0.0000   -0.6258    0.0009
   -0.2231    0.0092    1.3669   -0.0000   -0.6261    0.0091
   -0.2236    0.0095    1.3669    0.0000   -0.6266    0.0091
   -0.2237    0.0078    1.3672    0.0000   -0.6267    0.0107
   -0.2222    0.0093    1.3668    0.0000   -0.6252    0.0087
   -0.2230    0.0095    1.3661   -0.0001   -0.6260    0.0088
   -0.2176    0.0092    1.3666   -0.0012   -0.6206    0.0090
   -0.2099    0.0107    1.3671   -0.0003   -0.6129    0.0080
   -0.2036    0.0083    1.3658   -0.0003   -0.6066    0.0124
   -0.1958    0.0075    1.3679   -0.0003   -0.5988    0.0097
   -0.1895    0.0091    1.3678    0.0094   -0.5925    0.0091
   -0.1826    0.0090    1.3685    0.0092   -0.5856    0.0093
   -0.1750    0.0093    1.3667    0.0001   -0.5780    0.0085
   -0.1696    0.0087    1.3687    0.0006   -0.5726    0.0094
   -0.1634    0.0091    1.3686    0.0001   -0.5664    0.0067
   -0.1590    0.0084    1.3685   -0.0000   -0.5620    0.0094
   -0.1554    0.0072    1.3689    0.0073   -0.5584    0.0111
   -0.1519    0.0087    1.3696   -0.0000   -0.5549    0.0101
   -0.1431    0.0095    1.3670    0.0053   -0.5461    0.0089
   -0.1450    0.0085    1.3700    0.0004   -0.5480    0.0092
   -0.1422    0.0089    1.3687    0.0000   -0.5452    0.0086
   -0.1396    0.0086    1.3710   -0.0000   -0.5425    0.0000
   -0.1369    0.0091    1.3708    0.0005   -0.5399    0.0094
   -0.1344    0.0090    1.3712    0.0006   -0.5374    0.0095
   -0.1334    0.0091    1.3683    0.0017   -0.5364    0.0091
   -0.1322    0.0075    1.3720    0.0004   -0.5352    0.0075
   -0.1325    0.0094    1.3724    0.0005   -0.5355    0.0096
   -0.1333    0.0085    1.3720    0.0090   -0.5363    0.0085
   -0.1336    0.0099    1.3739   -0.0001   -0.5366    0.0078
   -0.1363    0.0084    1.3739    0.0005   -0.5393    0.0089
   -0.1386    0.0089    1.3743    0.0090   -0.5416    0.0080
   -0.1386    0.0092    1.3757    0.0015   -0.5416    0.0091
   -0.1436    0.0086    1.3755    0.0003   -0.5466    0.0093
   -0.1477    0.0077    1.3762   -0.0001   -0.5507    0.0094
   -0.1528    0.0087    1.3771    0.0006   -0.5558    0.0081
   -0.1576    0.0080    1.3773    0.0001   -0.5606    0.0085
   -0.1603    0.0101    1.3790    0.0084   -0.5633    0.0066
   -0.1679    0.0096    1.3812    0.0024   -0.5709    0.0084
   -0.1714    0.0082    1.3799    0.0009   -0.5744    0.0081
   -0.1747    0.0077    1.3803    0.0002   -0.5777    0.0073
   -0.1823    0.0094    1.3812    0.0006   -0.5853    0.0084
   -0.1880    0.0086    1.3825   -0.0000   -0.5910    0.0089
   -0.1937    0.0065    1.3829    0.0079   -0.5967    0.0092
   -0.1988    0.0084    1.3849    0.0090   -0.6018    0.0088
   -0.2044    0.0088    1.3861    0.0066   -0.6074    0.0114
   -0.2111    0.0085    1.3883   -0.0001   -0.6141    0.0113
   -0.2158    0.0033    1.3886   -0.0011   -0.6188   -0.0005
   -0.2250    0.0103    1.3911    0.0087   -0.6280    0.0094
   -0.2291    0.0090    1.3933    0.0099   -0.6321    0.0067
   -0.2344    0.0089    1.3950    0.0005   -0.6374    0.0092
   -0.2402    0.0092    1.3977    0.0005   -0.6432    0.0089
   -0.2481    0.0076    1.4008    0.0093   -0.6511    0.0084
   -0.2493    0.0078    1.3995    0.0094   -0.6493    0.0084
   -0.2496    0.0074    1.4053    0.0086   -0.6496    0.0090
   -0.2496    0.0075    1.4065    0.0089   -0.6495    0.0087
   -0.2496    0.0076    1.4098    0.0089   -0.6495    0.0088
   -0.2496    0.0076    1.4162    0.0090   -0.6495    0.0088